5.3328
2.8839
2.7752
2
1.8298
1.6921
1.4142
1.4142
1.4142
1.4142
1.2974
1.1618
1.1395
1
1
1
1
1
1
1
1
1
1
1
1.1362e-15
7.8414e-16
7.3251e-16
7.2148e-16
6.3011e-16
6.1383e-16
6.11e-16
5.5079e-16
5.4079e-16
4.2315e-16
4.1989e-16
4.1134e-16
3.7387e-16
3.7387e-16
3.7387e-16
3.7387e-16
3.7387e-16
3.7387e-16
3.7387e-16
3.7387e-16
3.7387e-16
3.7387e-16
3.7387e-16
3.7387e-16
3.7387e-16
3.7387e-16
3.7387e-16
3.7387e-16
3.7387e-16
3.7387e-16
3.7387e-16
3.7387e-16
3.7387e-16
3.7387e-16
3.7387e-16
3.7387e-16
3.7387e-16
3.7387e-16
3.7387e-16
3.7387e-16
3.7387e-16
3.7387e-16
3.7387e-16
3.7387e-16
3.7387e-16
3.7387e-16
3.7387e-16
3.7387e-16
3.7387e-16
3.7387e-16
3.7387e-16
3.7387e-16
3.7387e-16
3.7387e-16
3.7387e-16
3.7387e-16
3.7387e-16
3.7387e-16
3.7387e-16
3.7387e-16
3.7387e-16
3.7387e-16
3.7387e-16
3.7387e-16
3.7387e-16
3.7387e-16
3.7387e-16
3.7387e-16
3.7387e-16
3.7387e-16
3.7387e-16
3.7387e-16
3.7387e-16
3.7387e-16
3.7387e-16
3.7387e-16
3.7387e-16
3.7387e-16
3.7387e-16
3.7387e-16
3.7387e-16
3.7387e-16
3.7387e-16
3.7387e-16
3.7387e-16
3.7387e-16
3.7387e-16
3.7387e-16
3.7387e-16
3.7387e-16
3.7387e-16
3.7387e-16
3.7387e-16
3.7387e-16
3.7387e-16
3.7387e-16
3.7387e-16
3.7387e-16
3.7387e-16
3.7387e-16
3.7387e-16
3.7387e-16
3.7387e-16
3.7387e-16
3.7387e-16
3.7387e-16
3.7387e-16
3.7387e-16
3.7387e-16
3.7387e-16
3.7387e-16
3.7387e-16
3.7387e-16
3.7387e-16
3.7387e-16
3.7387e-16
3.7387e-16
3.7387e-16
3.7387e-16
3.7387e-16
3.7387e-16
3.7387e-16
3.7387e-16
3.7387e-16
3.7387e-16
3.7387e-16
3.7387e-16
3.7387e-16
3.7387e-16
3.7387e-16
3.7387e-16
3.7387e-16
3.7387e-16
3.7387e-16
3.7387e-16
3.7387e-16
3.7387e-16
3.7387e-16
3.7387e-16
3.7387e-16
3.7387e-16
3.7387e-16
3.7387e-16
3.7387e-16
3.7387e-16
3.7387e-16
3.7387e-16
3.7387e-16
3.7387e-16
3.7387e-16
3.7387e-16
3.7387e-16
3.7387e-16
3.7387e-16
3.7387e-16
3.7387e-16
3.7387e-16
3.7387e-16
3.7387e-16
3.7387e-16
3.7387e-16
3.7387e-16
3.7387e-16
3.7387e-16
3.7387e-16
3.7387e-16
3.7387e-16
3.7387e-16
3.7387e-16
3.7387e-16
3.7387e-16
3.7387e-16
3.7387e-16
3.7387e-16
3.7387e-16
3.7387e-16
3.7387e-16
3.7387e-16
3.7387e-16
3.7387e-16
3.7387e-16
3.7387e-16
3.7387e-16
3.7387e-16
3.7387e-16
3.7387e-16
3.7387e-16
3.7387e-16
3.7387e-16
3.7387e-16
3.7387e-16
3.7387e-16
3.7387e-16
3.7387e-16
3.7387e-16
3.7387e-16
3.7387e-16
3.7387e-16
3.7387e-16
3.7387e-16
3.7387e-16
3.7387e-16
3.7387e-16
3.7387e-16
3.7387e-16
3.7387e-16
3.7387e-16
3.7387e-16
3.7387e-16
3.7387e-16
3.7387e-16
3.7387e-16
3.7387e-16
3.7387e-16
3.7387e-16
3.7387e-16
3.7387e-16
3.7387e-16
3.7387e-16
3.7387e-16
3.7387e-16
3.7387e-16
3.7387e-16
3.7387e-16
3.7387e-16
3.7387e-16
3.7387e-16
3.7387e-16
3.7387e-16
3.7387e-16
3.7387e-16
3.7387e-16
3.7387e-16
3.7387e-16
3.7387e-16
3.7387e-16
3.7387e-16
3.7387e-16
3.7387e-16
3.7387e-16
3.7387e-16
3.7387e-16
3.7387e-16
3.7387e-16
3.7387e-16
3.7387e-16
3.7387e-16
3.7387e-16
3.7387e-16
3.7387e-16
3.7387e-16
3.7387e-16
3.7387e-16
3.7387e-16
3.7387e-16
3.7387e-16
3.7387e-16
3.7387e-16
3.7387e-16
3.7387e-16
3.7387e-16
3.7387e-16
3.7387e-16
3.7387e-16
3.7387e-16
3.7387e-16
3.7387e-16
3.7387e-16
3.7387e-16
3.7387e-16
3.7387e-16
3.7387e-16
3.7387e-16
3.7387e-16
3.7387e-16
3.7387e-16
3.7387e-16
3.7387e-16
3.7387e-16
3.7387e-16
3.7387e-16
3.7387e-16
3.7387e-16
3.7387e-16
3.7387e-16
3.7387e-16
3.7387e-16
3.7387e-16
3.7387e-16
3.7387e-16
3.7387e-16
3.7387e-16
3.7387e-16
3.7387e-16
3.7387e-16
3.7387e-16
3.7387e-16
3.7387e-16
3.7387e-16
3.7387e-16
3.7387e-16
3.7387e-16
3.7387e-16
3.7387e-16
3.7387e-16
3.7387e-16
3.7387e-16
3.7387e-16
3.7387e-16
3.7387e-16
3.7387e-16
3.7387e-16
3.7387e-16
3.7387e-16
3.7387e-16
3.7387e-16
3.7387e-16
3.7387e-16
3.7387e-16
3.7387e-16
3.7387e-16
3.7387e-16
3.7387e-16
3.7387e-16
3.7387e-16
3.7387e-16
3.7387e-16
3.7387e-16
3.7387e-16
3.7387e-16
3.7387e-16
3.7387e-16
3.7387e-16
3.7387e-16
3.7387e-16
3.7387e-16
3.7387e-16
3.7387e-16
3.7387e-16
3.7387e-16
3.7387e-16
3.7387e-16
3.7387e-16
3.7387e-16
3.7387e-16
3.7387e-16
3.7387e-16
3.7387e-16
3.7387e-16
3.7387e-16
3.7387e-16
3.7387e-16
3.7387e-16
3.7387e-16
3.7387e-16
3.7387e-16
3.7387e-16
3.7387e-16
3.7387e-16
3.7387e-16
3.7387e-16
3.7387e-16
3.7387e-16
3.7387e-16
3.7387e-16
3.7387e-16
3.7387e-16
3.7387e-16
3.7387e-16
3.7387e-16
3.7387e-16
3.7387e-16
3.7387e-16
3.7387e-16
3.7387e-16
3.7387e-16
3.7387e-16
3.7387e-16
3.7387e-16
3.7387e-16
3.7387e-16
3.7387e-16
3.7387e-16
3.7387e-16
3.7387e-16
3.7387e-16
3.7387e-16
3.7387e-16
3.7387e-16
3.7387e-16
3.7387e-16
3.7387e-16
3.7387e-16
3.7387e-16
3.7387e-16
3.7387e-16
3.7387e-16
3.7387e-16
3.7387e-16
3.7387e-16
3.7387e-16
3.7387e-16
3.7387e-16
3.7387e-16
3.7387e-16
3.7387e-16
3.7387e-16
3.7387e-16
3.7387e-16
3.7387e-16
3.7387e-16
3.7387e-16
3.7387e-16
3.7387e-16
3.7387e-16
3.7387e-16
3.7387e-16
3.7387e-16
3.7387e-16
3.7387e-16
3.7387e-16
3.7387e-16
3.7387e-16
3.7387e-16
3.7387e-16
3.7387e-16
3.7387e-16
3.7387e-16
3.7387e-16
3.7387e-16
3.7387e-16
3.7387e-16
3.7387e-16
3.7387e-16
3.7387e-16
3.7387e-16
3.7387e-16
3.7387e-16
3.7387e-16
3.7387e-16
3.7387e-16
3.7387e-16
3.7387e-16
3.7387e-16
3.7387e-16
3.7387e-16
3.7387e-16
3.7387e-16
3.7387e-16
3.7387e-16
3.7387e-16
3.7387e-16
3.7387e-16
3.7387e-16
3.7387e-16
3.7387e-16
3.7387e-16
3.7387e-16
3.7387e-16
3.7387e-16
3.7387e-16
3.7387e-16
3.7387e-16
3.7387e-16
3.7387e-16
3.7387e-16
3.7387e-16
3.7387e-16
3.7387e-16
3.7387e-16
3.7387e-16
3.7387e-16
3.7387e-16
3.7387e-16
3.7387e-16
3.7387e-16
